x=8.0, y=9.0, z=88.0 => result=-4.528018434768677E-6
x=8.0, y=6678987.0, z=987654.0 => result=-7.091117524454616E-18
x=4.0, y=4.0, z=6.0 => result=0.013657579676832976
x=8.0, y=8.0, z=8.0 => result=-0.014150364509250628
